1001010000001000
1001001000000001
0010010010001000
1100000010001110
1100000010001110
1100000010001110
1100000010001110
0000000000000000
0000000000000000
0000000000000000
0000000000000000
0000000000000000
0000000000000000
0000000000000000
1001011000000001
0000000000000000
0000000000000000
0000000000000000
0000000000000000
1100000000110100
0000000000000000
0010010010001000
1100000010001110
0000000000000000
0000000000000000
0000000000000000
0000000000000000
0000000000000000
0000000000000000
0000000000000000
1001011000000001
0000000000000000
0000000000000000
0000000000000000
0000000000000000
1100000000110100
0000000000000000
0010010010001000
1100000010001110
0000000000000000
0000000000000000
0000000000000000
0000000000000000
0000000000000000
0000000000000000
0000000000000000
1001011000000001
0000000000000000
0000000000000000
0000000000000000
0000000000000000
1100000000110100
0000000000000000
0010010010001000
1100000010001110
0000000000000000
0000000000000000
0000000000000000
0000000000000000
0000000000000000
0000000000000000
0000000000000000
1001011000000001
0000000000000000
0000000000000000
0000000000000000
0000000000000000
1100000000110100
0000000000000000
0010010010001000
1100000010001110
0000000000000000
0000000000000000
0000000000000000
0000000000000000
0000000000000000
0000000000000000
0000000000000000
1001011000000001
0000000000000000
0000000000000000
0000000000000000
0000000000000000
1100000000110100
0000000000000000
0010010010001000
1100000010001110
0000000000000000
0000000000000000
0000000000000000
0000000000000000
0000000000000000
0000000000000000
0000000000000000
1001011000000001
0000000000000000
0000000000000000
0000000000000000
0000000000000000
1100000000110100
0000000000000000
0010010010001000
1100000010001110
0000000000000000
0000000000000000
0000000000000000
0000000000000000
0000000000000000
0000000000000000
0000000000000000
1001011000000001
0000000000000000
0000000000000000
0000000000000000
0000000000000000
1100000000110100
0000000000000000
0010010010001000
1100000010001110
0000000000000000
0000000000000000
0000000000000000
0000000000000000
0000000000000000
0000000000000000
0000000000000000
0000000000000000
1001111000000001
0000000000000000
0000000000000000
0000000000000000
0000000000000000
0000000000000000
0000000000000000
0000000000000000
0000000000000000
0000000000000000
0000000000000000
0000000000000000
0000000000000000
0000000000000000
0000000000000000
0000000000000000
0000000000000000
0000000000000000
0000000000000000
0000000000000000
0000000000000000
0000000000000000
0000000000000000
0000000000000000
0000000000000000
0000000000000000
0000000000000000
0000000000000000
0000000000000000
0000000000000000
0000000000000000
0000000000000000
0000000000000000
0000000000000000
0000000000000000
0000000000000000
0000000000000000
0000000000000000
0000000000000000
0000000000000000
0000000000000000
0000000000000000
0000000000000000
0000000000000000
0000000000000000
0000000000000000
0000000000000000
0000000000000000
0000000000000000
0000000000000000
0000000000000000
0000000000000000
0000000000000000
0000000000000000
0000000000000000
0000000000000000
0000000000000000
0000000000000000
0000000000000000
0000000000000000
0000000000000000
0000000000000000
0000000000000000
0000000000000000
0000000000000000
0000000000000000
0000000000000000
0000000000000000
0000000000000000
0000000000000000
0000000000000000
0000000000000000
0000000000000000
