000
000
010
001
000
000
000
010
000
000
000
000
000
000
000
000
011
000
000
000
000
000
000
010
000
000
000
000
000
000
000
000
011
000
000
000
000
000
000
010
000
000
000
000
000
000
000
000
011
000
000
000
000
000
000
010
000
000
000
000
000
000
000
000
011
000
000
000
000
000
000
010
000
000
000
000
000
000
000
000
011
000
000
000
000
000
000
010
000
000
000
000
000
000
000
000
011
000
000
000
000
000
000
010
000
000
000
000
000
000
000
000
011
000
000
000
000
000
000
010
000
000
000
000
000
000
000
000
000
111
000
000
000
000
000
000
000
000
000
000
000
000
000
000
000
000
000
000
000
000
000
000
000
000
000
000
000
000
000
000
000
000
000
000
000
000
000
000
000
000
000
000
000
000
000
000
000
000
000
000
000
000
000
000
000
000
000
000
000
000
000
000
000
000
000
000
000
000
000
000
