000000
001000
000001
001000
001000
001000
001000
001110
001110
001110
001110
000000
000000
000000
000000
000001
000000
000000
000000
000000
110100
000000
001000
001110
001110
001110
001110
000000
000000
000000
000000
000001
000000
000000
000000
000000
110100
000000
001000
001110
001110
001110
001110
000000
000000
000000
000000
000001
000000
000000
000000
000000
110100
000000
001000
001110
001110
001110
001110
000000
000000
000000
000000
000001
000000
000000
000000
000000
110100
000000
001000
001110
001110
001110
001110
000000
000000
000000
000000
000001
000000
000000
000000
000000
110100
000000
001000
001110
001110
001110
001110
000000
000000
000000
000000
000001
000000
000000
000000
000000
110100
000000
001000
001110
001110
001110
001110
000000
000000
000000
000000
000001
000000
000000
000000
000000
110100
000000
001000
001110
001110
001110
001110
000000
000000
000000
000000
000000
000001
000000
000000
000000
000000
000000
000000
000000
000000
000000
000000
000000
000000
000000
000000
000000
000000
000000
000000
000000
000000
000000
000000
000000
000000
000000
000000
000000
000000
000000
000000
000000
000000
000000
000000
000000
000000
000000
000000
000000
000000
000000
000000
000000
000000
000000
000000
000000
000000
000000
000000
000000
000000
000000
000000
000000
000000
000000
000000
000000
000000
000000
000000
000000
000000
000000
000000
000000
000000
000000
000000
000000
